255 255 255 255 255 255 255 255 255 255 255 255 255 255 255 255
255   0   0   0   0   0 255 255   0 255   0   0   0   0   0 255
255   0 255 255 255   0 255   0   0 255   0 255 255 255   0 255
255   0 255   0 218   0   0 255 255   0   0 223   0 255   0 255
255   0 255 218 249   0   0   0 218   0   0 250 218 255   0 255
255   0   0   0   0   0 255 255 254 255   0   0   0   0   0 255
255   0 255   0   0   0 255 255   0 255   0   0   0 255 255 255
255   0 255   0   0 255   0   0 255 255 255  31 255 255   0 255
255 255   0 255 255 255 255 255 255 255 255   0   0   0 255 255
255 255   0   0 218   0 255 255 255 255 255 223 255   0   0 255
255   0   0   0   0   0 255 255 255 255   0  31 255   0 255 255
255   0 255 223 250   0   0  31  31   0  31 227  31 223 255 255
255   0 255   0 218   0   0 255 255   0 255  31 255 255 255 255
255   0 255 255 255   0 255 255 255 255 255   0 255 255 255 255
255   0   0   0   0   0   0   0   0 255 255 223 255   0 255 255
255 255 255 255 255 255 255 255 255 255 255 255 255 255 255 255
255 255 255 255 255 255 255 255 255 255 255 255 255 255 255 255
255   0   0   0   0   0 255 255   0 255   0   0   0   0   0 255
255   0 255 255 255   0 255   0   0 255   0 255 255 255   0 255
255   0 255   0 218   0   0 255 255   0   0 223   0 255   0 255
255   0 255 218 249   0   0   0 218   0   0 250 218 255   0 255
255   0   0   0   0   0 255 255 254 255   0   0   0   0   0 255
255   0 255   0   0   0 255 255   0 255   0   0   0 255 255 255
255   0 255   0   0 255   0   0 255 255 255  31 255 255   0 255
255 255   0 255 255 255 255 255 255 255 255   0   0   0 255 255
255 255   0   0 218   0 255 255 255 255 255 223 255   0   0 255
255   0   0   0   0   0 255 255 255 255   0  31 255   0 255 255
255   0 255 223 250   0   0  31  31   0  31 227  31 223 255 255
255   0 255   0 218   0   0 255 255   0 255  31 255 255 255 255
255   0 255 255 255   0 255 255 255 255 255   0 255 255 255 255
255   0   0   0   0   0   0   0   0 255 255 223 255   0 255 255
255 255 255 255 255 255 255 255 255 255 255 255 255 255 255 255
255 255 255 255 255 255 255 255 255 255 255 255 255 255 255 255
255   0   0   0   0   0 255 255   0 255   0   0   0   0   0 255
255   0 255 255 255   0 255   0   0 255   0 255 255 255   0 255
255   0 255   0 218   0   0 255 255   0   0 223   0 255   0 255
255   0 255 218 249   0   0   0 218   0   0 250 218 255   0 255
255   0   0   0   0   0 255 255 254 255   0   0   0   0   0 255
255   0 255   0   0   0 255 255   0 255   0   0   0 255 255 255
255   0 255   0   0 255   0   0 255 255 255  31 255 255   0 255
255 255   0 255 255 255 255 255 255 255 255   0   0   0 255 255
255 255   0   0 218   0 255 255 255 255 255 223 255   0   0 255
255   0   0   0   0   0 255 255 255 255   0  31 255   0 255 255
255   0 255 223 250   0   0  31  31   0  31 227  31 223 255 255
255   0 255   0 218   0   0 255 255   0 255  31 255 255 255 255
255   0 255 255 255   0 255 255 255 255 255   0 255 255 255 255
255   0   0   0   0   0   0   0   0 255 255 223 255   0 255 255
255 255 255 255 255 255 255 255 255 255 255 255 255 255 255 255

255 255 255 255 255 255 255 255 255 255 255 255 255 255 255 255
255   0   0   0   0   0 255   0 255   0 255 255 255 255 255 255
255   0 255 255 255   0 255 255   0   0   0 221 255 255   0 255
255   0 255   0 221   0   0 255   0 255 255  34 255 255 255 255
255   0 255 221 250   0   0  34   0 221  34 225  34   0 221 255
255   0   0   0   0   0   0 255 255 255   0  34 255 255 255 255
255 255 255   0   0 255 255 255 255 255 255   0   0 255 255 255
255   0   0 255 221 254   0 255 255 255 255  34 255 255   0 255
255 255   0 255   0 255 255   0 255 255 255  34 255 255   0 255
255 255 255   0   0 255 255   0 255 255 255   0   0 255   0 255
255   0   0   0   0   0   0 255 255   0   0   0   0   0   0 255
255   0 255 221 250   0   0   0 255 221   0 250 221 255   0 255
255   0 255   0 221   0   0   0 255   0   0 221   0 255   0 255
255   0 255 255 255   0 255 255   0   0   0 255 255 255   0 255
255   0   0   0   0   0   0   0 255 255   0   0   0   0   0 255
255 255 255 255 255 255 255 255 255 255 255 255 255 255 255 255
255 255 255 255 255 255 255 255 255 255 255 255 255 255 255 255
255   0   0   0   0   0 255   0 255   0 255 255 255 255 255 255
255   0 255 255 255   0 255 255   0   0   0 221 255 255   0 255
255   0 255   0 221   0   0 255   0 255 255  34 255 255 255 255
255   0 255 221 250   0   0  34   0 221  34 225  34   0 221 255
255   0   0   0   0   0   0 255 255 255   0  34 255 255 255 255
255 255 255   0   0 255 255 255 255 255 255   0   0 255 255 255
255   0   0 255 221 254   0 255 255 255 255  34 255 255   0 255
255 255   0 255   0 255 255   0 255 255 255  34 255 255   0 255
255 255 255   0   0 255 255   0 255 255 255   0   0 255   0 255
255   0   0   0   0   0   0 255 255   0   0   0   0   0   0 255
255   0 255 221 250   0   0   0 255 221   0 250 221 255   0 255
255   0 255   0 221   0   0   0 255   0   0 221   0 255   0 255
255   0 255 255 255   0 255 255   0   0   0 255 255 255   0 255
255   0   0   0   0   0   0   0 255 255   0   0   0   0   0 255
255 255 255 255 255 255 255 255 255 255 255 255 255 255 255 255
255 255 255 255 255 255 255 255 255 255 255 255 255 255 255 255
255   0   0   0   0   0 255   0 255   0 255 255 255 255 255 255
255   0 255 255 255   0 255 255   0   0   0 221 255 255   0 255
255   0 255   0 221   0   0 255   0 255 255  34 255 255 255 255
255   0 255 221 250   0   0  34   0 221  34 225  34   0 221 255
255   0   0   0   0   0   0 255 255 255   0  34 255 255 255 255
255 255 255   0   0 255 255 255 255 255 255   0   0 255 255 255
255   0   0 255 221 254   0 255 255 255 255  34 255 255   0 255
255 255   0 255   0 255 255   0 255 255 255  34 255 255   0 255
255 255 255   0   0 255 255   0 255 255 255   0   0 255   0 255
255   0   0   0   0   0   0 255 255   0   0   0   0   0   0 255
255   0 255 221 250   0   0   0 255 221   0 250 221 255   0 255
255   0 255   0 221   0   0   0 255   0   0 221   0 255   0 255
255   0 255 255 255   0 255 255   0   0   0 255 255 255   0 255
255   0   0   0   0   0   0   0 255 255   0   0   0   0   0 255
255 255 255 255 255 255 255 255 255 255 255 255 255 255 255 255

255 255 255 255 255 255 255 255 255 255 255 255 255 255 255 255
255 255   0 255 221 255 255   0   0   0   0   0   0   0   0 255
255 255 255 255   0 255 255 255 255 255   0 255 255 255   0 255
255 255 255 255  34 255   0 255 255   0   0 221   0 255   0 255
255 255 221  34 225  34   0  34  34   0   0 250 221 255   0 255
255 255   0 255  34   0 255 255 255 255   0   0   0   0   0 255
255   0   0 255 221 255 255 255 255 255   0 221   0   0 255 255
255 255   0   0   0 255 255 255 255 255 255 255 255   0 255 255
255   0 255 255  34 255 255 255   0   0 255   0   0 255   0 255
255 255 255   0   0   0 255   0 255 255   0   0   0 255   0 255
255   0   0   0   0   0 255 254 255 255   0   0   0   0   0 255
255   0 255 221 250   0   0 221   0   0   0 250 221 255   0 255
255   0 255   0 221   0   0 255 255   0   0 221   0 255   0 255
255   0 255 255 255   0 255   0   0 255   0 255 255 255   0 255
255   0   0   0   0   0 255   0 255 255   0   0   0   0   0 255
255 255 255 255 255 255 255 255 255 255 255 255 255 255 255 255
255 255 255 255 255 255 255 255 255 255 255 255 255 255 255 255
255 255   0 255 221 255 255   0   0   0   0   0   0   0   0 255
255 255 255 255   0 255 255 255 255 255   0 255 255 255   0 255
255 255 255 255  34 255   0 255 255   0   0 221   0 255   0 255
255 255 221  34 225  34   0  34  34   0   0 250 221 255   0 255
255 255   0 255  34   0 255 255 255 255   0   0   0   0   0 255
255   0   0 255 221 255 255 255 255 255   0 221   0   0 255 255
255 255   0   0   0 255 255 255 255 255 255 255 255   0 255 255
255   0 255 255  34 255 255 255   0   0 255   0   0 255   0 255
255 255 255   0   0   0 255   0 255 255   0   0   0 255   0 255
255   0   0   0   0   0 255 254 255 255   0   0   0   0   0 255
255   0 255 221 250   0   0 221   0   0   0 250 221 255   0 255
255   0 255   0 221   0   0 255 255   0   0 221   0 255   0 255
255   0 255 255 255   0 255   0   0 255   0 255 255 255   0 255
255   0   0   0   0   0 255   0 255 255   0   0   0   0   0 255
255 255 255 255 255 255 255 255 255 255 255 255 255 255 255 255
255 255 255 255 255 255 255 255 255 255 255 255 255 255 255 255
255 255   0 255 221 255 255   0   0   0   0   0   0   0   0 255
255 255 255 255   0 255 255 255 255 255   0 255 255 255   0 255
255 255 255 255  34 255   0 255 255   0   0 221   0 255   0 255
255 255 221  34 225  34   0  34  34   0   0 250 221 255   0 255
255 255   0 255  34   0 255 255 255 255   0   0   0   0   0 255
255   0   0 255 221 255 255 255 255 255   0 221   0   0 255 255
255 255   0   0   0 255 255 255 255 255 255 255 255   0 255 255
255   0 255 255  34 255 255 255   0   0 255   0   0 255   0 255
255 255 255   0   0   0 255   0 255 255   0   0   0 255   0 255
255   0   0   0   0   0 255 254 255 255   0   0   0   0   0 255
255   0 255 221 250   0   0 221   0   0   0 250 221 255   0 255
255   0 255   0 221   0   0 255 255   0   0 221   0 255   0 255
255   0 255 255 255   0 255   0   0 255   0 255 255 255   0 255
255   0   0   0   0   0 255   0 255 255   0   0   0   0   0 255
255 255 255 255 255 255 255 255 255 255 255 255 255 255 255 255

255 255 255 255 255 255 255 255 255 255 255 255 255 255 255 255
255   0   0   0   0   0 255 255   0   0   0   0   0   0   0 255
255   0 255 255 255   0   0   0 255 255   0 255 255 255   0 255
255   0 255   0 221   0   0 255   0   0   0 221   0 255   0 255
255   0 255 221 250   0 221 255   0   0   0 250 221 255   0 255
255   0   0   0   0   0   0 255 255   0   0   0   0   0   0 255
255   0 255   0   0 255 255 255   0 255 255   0   0 255 255 255
255   0 255 255  34 255 255 255   0 255 255   0 255   0 255 255
255   0 255 255  34 255 255 255 255   0 254 221 255   0   0 255
255 255 255   0   0 255 255 255 255 255 255   0   0 255 255 255
255 255 255 255  34   0 255 255 255   0   0   0   0   0   0 255
255 221   0  34 225  34 221   0  34   0   0 250 221 255   0 255
255 255 255 255  34 255 255   0 255   0   0 221   0 255   0 255
255   0 255 255 221   0   0   0 255 255   0 255 255 255   0 255
255 255 255 255 255 255   0 255   0 255   0   0   0   0   0 255
255 255 255 255 255 255 255 255 255 255 255 255 255 255 255 255
255 255 255 255 255 255 255 255 255 255 255 255 255 255 255 255
255   0   0   0   0   0 255 255   0   0   0   0   0   0   0 255
255   0 255 255 255   0   0   0 255 255   0 255 255 255   0 255
255   0 255   0 221   0   0 255   0   0   0 221   0 255   0 255
255   0 255 221 250   0 221 255   0   0   0 250 221 255   0 255
255   0   0   0   0   0   0 255 255   0   0   0   0   0   0 255
255   0 255   0   0 255 255 255   0 255 255   0   0 255 255 255
255   0 255 255  34 255 255 255   0 255 255   0 255   0 255 255
255   0 255 255  34 255 255 255 255   0 254 221 255   0   0 255
255 255 255   0   0 255 255 255 255 255 255   0   0 255 255 255
255 255 255 255  34   0 255 255 255   0   0   0   0   0   0 255
255 221   0  34 225  34 221   0  34   0   0 250 221 255   0 255
255 255 255 255  34 255 255   0 255   0   0 221   0 255   0 255
255   0 255 255 221   0   0   0 255 255   0 255 255 255   0 255
255 255 255 255 255 255   0 255   0 255   0   0   0   0   0 255
255 255 255 255 255 255 255 255 255 255 255 255 255 255 255 255
255 255 255 255 255 255 255 255 255 255 255 255 255 255 255 255
255   0   0   0   0   0 255 255   0   0   0   0   0   0   0 255
255   0 255 255 255   0   0   0 255 255   0 255 255 255   0 255
255   0 255   0 221   0   0 255   0   0   0 221   0 255   0 255
255   0 255 221 250   0 221 255   0   0   0 250 221 255   0 255
255   0   0   0   0   0   0 255 255   0   0   0   0   0   0 255
255   0 255   0   0 255 255 255   0 255 255   0   0 255 255 255
255   0 255 255  34 255 255 255   0 255 255   0 255   0 255 255
255   0 255 255  34 255 255 255 255   0 254 221 255   0   0 255
255 255 255   0   0 255 255 255 255 255 255   0   0 255 255 255
255 255 255 255  34   0 255 255 255   0   0   0   0   0   0 255
255 221   0  34 225  34 221   0  34   0   0 250 221 255   0 255
255 255 255 255  34 255 255   0 255   0   0 221   0 255   0 255
255   0 255 255 221   0   0   0 255 255   0 255 255 255   0 255
255 255 255 255 255 255   0 255   0 255   0   0   0   0   0 255
255 255 255 255 255 255 255 255 255 255 255 255 255 255 255 255
